              precision    recall  f1-score   support

           0      0.831     0.658     0.735      5321
           1      0.831     0.770     0.800      4857
           2      0.744     0.851     0.794      1900
           3      0.904     0.941     0.922      1188
           4      0.882     0.961     0.920      1608
           5      0.834     0.836     0.835      5555
           6      0.747     0.945     0.834      1568
           7      0.758     0.878     0.813      2759
           8      0.658     0.897     0.759       321
           9      0.861     0.891     0.876       312

    accuracy                          0.813     25389
   macro avg      0.805     0.863     0.829     25389
weighted avg      0.817     0.813     0.811     25389
